25
      0   31380       0       0       0       0       0       0       0       0       0       0       0       0       0       0       0       0       0       0       0       0       0       0       0
      0       0       0       0       0       0       0       0       0       0       0       0       0       0       0       0       0       0       0       0       0       0       0       0       0
      0       0       0       0       0       0       0       0       0       0       0       0       0  184395  378835       0       0       0       0       0       0       0       0       0       0
      0  992077       0   58897       0       0       0       0       0       0       0       0  593622       0       0       0       0       0       0       0       0       0       0       0  366029
      0       0  604728       0       0       0       0       0       0       0       0       0       0       0       0       0       0       0       0  347981       0       0       0       0       0
      0       0       0       0       0       0       0       0       0       0       0       0       0       0       0       0       0       0       0       0       0       0       0       0       0
      0       0  474151       0       0       0       0       0       0       0       0       0       0       0       0       0  415929       0       0       0       0       0       0       0       0
      0       0  667916       0       0       0       0       0       0       0       0       0  669007       0       0       0       0       0       0       0       0       0       0       0       0
      0  184147       0       0       0       0       0       0       0       0       0       0       0       0       0       0       0       0       0       0       0       0       0       0       0
      0       0       0       0       0       0       0       0       0       0       0       0       0       0       0       0  674273       0       0       0       0       0       0       0       0
      0       0       0       0       0       0       0       0       0       0       0       0       0       0       0       0       0       0       0       0       0       0       0       0       0
      0       0       0       0       0       0       0       0       0       0       0       0       0       0       0       0       0       0       0       0       0   43629       0       0       0
      0       0       0       0       0       0       0       0       0       0       0       0       0       0       0       0       0       0       0       0       0       0       0       0       0
      0       0       0       0       0       0       0       0  883456       0       0       0       0       0       0       0       0       0       0       0       0       0       0       0       0
      0       0       0       0       0       0       0       0  628728       0       0       0       0       0       0       0       0       0       0       0       0       0       0       0       0
      0       0       0       0       0       0       0       0       0       0       0       0       0       0       0       0       0       0       0       0       0       0       0       0       0
      0       0       0  646791       0       0       0       0       0       0       0       0       0       0       0       0       0       0       0       0       0       0       0       0       0
      0       0       0       0       0       0       0       0       0       0       0       0       0       0       0       0  509652       0       0       0       0       0       0       0       0
      0       0       0       0       0       0       0       0  659830       0       0       0       0       0       0       0       0       0       0       0  967131       0       0       0       0
      0       0       0  402126       0       0       0       0       0       0       0       0       0       0       0       0       0       0       0       0       0       0       0       0       0
      0       0       0       0       0       0       0       0       0       0       0       0       0       0       0       0       0       0       0       0       0       0       0       0       0
      0       0       0       0       0       0       0       0       0       0       0       0       0       0       0       0       0       0       0       0       0  947982       0       0       0
      0       0       0       0       0  757615       0       0       0       0       0       0       0  309444       0       0       0       0       0       0       0       0       0       0       0
      0       0       0       0       0       0       0       0       0       0       0       0       0       0       0       0  831538       0       0       0       0       0       0       0       0
      0       0       0       0       0       0       0       0       0       0       0       0       0       0       0       0       0       0       0       0       0       0       0       0       0